9.448867073957281 5.572432203950561
11.997777757827293 9.497410461935132
11.999871727629444 9.437447012313985
10.271965655904754 11.999173111509183
10.31195956371101 11.999871207766677
10.31195956371101 11.999871207766677
10.49520983130326 1.501470408624506
11.994062389547128 3.1661148176939014
9.12638468174713 11.991919288913058
8.665730776449811 11.004043801043021
8.161801321738906 11.993061042892057
8.161801321738906 11.993061042892057
5.436692721459657 11.001202627247801
5.436692721459657 11.001202627247801
5.436692721459657 11.001202627247801
4.208802102357678 11.995528845106579
0.00944178270081809 11.922228738069679
0.9991014309933606 7.266246158576527
0.009252212788535507 7.283524040949422
0.009252212788535507 7.283524040949422
0.9940599658007425 7.109875863282482
0.004110472139574703 6.119926369621342
0.004110472139574703 6.119926369621342
0.004110472139574703 6.119926369621342
0.004110472139574703 6.119926369621342
0.004110472139574703 6.119926369621342
0.004110472139574703 6.119926369621342
3.6763319462482937 0.008323515615182214
6.4273828514110285 7.997955479429277
6.4273828514110285 7.997955479429277
4.134080051013644 0.0002581692225794435
0.009834000913851339 0.3610829441978824
0.899930501297965 0.0014606145186069762
0.899930501297965 0.0014606145186069762
0.899930501297965 0.0014606145186069762
0.899930501297965 0.0014606145186069762
6.924098883050083 7.995802070092166
4.0018633273976905 7.157864508408506
4.000468197922808 7.13791322740331
4.000468197922808 7.13791322740331
8.63534638590077 0.0008266941877749269
8.996699540801947 0.5168924820898394
8.996699540801947 0.5168924820898394
8.996699540801947 0.5168924820898394
8.678747982262065 0.008063624395983088
8.678747982262065 0.008063624395983088
8.678747982262065 0.008063624395983088
8.718140292382556 0.0011176972893058754
8.718140292382556 0.0011176972893058754
2.3273730806319985 4.994132262180459
0.007373080632003719 4.994132262180459
4.343923262259204 0.005501936907903123
4.33553655657975 5.554655775285352E-05
4.33553655657975 5.554655775285352E-05
4.33553655657975 5.554655775285352E-05
0.0068416880340723095 2.6009978248535304
11.998988000494757 4.2863840774799735
8.157713466686735 7.995859775730858
8.157713466686735 7.995859775730858
11.995155496515016 3.4225744503104183
11.861223066926263 1.5072514738115443
11.996223066926284 1.741078332833344
11.999969132860443 1.7503501713790117
4.0016599837521625 7.999314145934722
4.0016599837521625 7.999314145934722
4.0016599837521625 7.999314145934722
4.0016599837521625 7.999314145934722
11.993582183183136 2.608694556476579
7.14238528708133 7.99649454118784
4.006688547951878 7.832159638584857
4.006688547951878 7.832159638584857
4.047815270203828 7.99710991205177
4.047815270203828 7.99710991205177
4.047815270203828 7.99710991205177
11.994025931189666 3.031766406186451
11.994025931189666 3.031766406186451
11.994025931189666 3.031766406186451
0.0018796187289813505 1.3463801535600206
0.9998106645483147 6.480290322991246
0.9998106645483147 6.480290322991246
0.9998106645483147 6.480290322991246
0.9998106645483147 6.480290322991246
0.0018796187289814165 11.6142004924228
1.117591537936175 11.998370914682205
2.6523586772762955 11.001681480604828
4.128045556424266 11.997044848782805
4.128045556424266 11.997044848782805
0.0037995063244732376 11.636220073807456
0.0037995063244732376 11.636220073807456
0.0037995063244732376 11.636220073807456
0.9965069788766446 9.179182859205307
0.9965069788766446 9.179182859205307
0.003354063785997072 7.049359559669083
0.9990716694772432 8.11713596403303
0.9990716694772432 8.11713596403303
0.9990716694772432 8.11713596403303
0.9990716694772432 8.11713596403303
0.9990716694772432 8.11713596403303
0.9990716694772432 8.11713596403303
0.9990716694772432 8.11713596403303
0.0063827450099060564 9.075764515266405
0.9997442147662736 10.104420429750576
0.9997442147662736 10.104420429750576
0.0011348726563612382 9.779952585656826
1.6116664639377465 11.996659150244053
0.0009755583195892314 11.595068803548688
0.9960780615307917 9.554806318449453
0.998861523549993 9.53500095707462
0.998861523549993 9.53500095707462
0.998861523549993 9.53500095707462
0.998861523549993 9.53500095707462
0.998861523549993 0.00500095707477945
0.0008435476949395539 0.6531214087426611
0.0008435476949395539 0.6531214087426611
0.0001454514374481758 0.6931153165489166
11.99313457305697 8.481453517263981
11.999695163346875 8.489000613066208
7.817092503917095 11.998620961954385
7.7299367611694265 11.00242626386265
6.622650971208078 11.999430867337367
6.622650971208078 11.999430867337367
6.622650971208078 11.999430867337367
6.622650971208078 11.009430867337388
7.3689015999166365 11.999738899795966
11.991036269111152 10.497916307133467
10.56591829259442 1.500075524311855
10.56591829259442 1.500075524311855
4.00144573190868 5.290075524311774
6.613361204834396 7.9947931735851725
6.613361204834396 7.9947931735851725
6.613361204834396 7.9947931735851725
6.613361204834396 7.9947931735851725
4.001307485794991 5.193708496383859
4.001307485794991 5.193708496383859
8.99645326785373 0.535659697156938
8.99645326785373 0.535659697156938
6.9983702396624405 7.992607076108385
11.990870154410866 7.467874190504558
11.996605918774376 7.476065710947448
4.256509667130783 0.001541644808757404
4.246606986443367 0.00014991379915675444
4.246606986443367 0.00014991379915675444
4.246606986443367 0.00014991379915675444
4.246606986443367 0.00014991379915675444
4.246606986443367 0.00014991379915675444
2.2274774479316397 4.997670889914139
6.570588219848828 0.001493468839354927
6.570588219848828 0.001493468839354927
11.99587009313336 5.619537309484307
9.004849428067605 9.58875579441936
11.999219489563863 10.391094834237105
11.999219489563863 10.391094834237105
10.649365509222257 11.99978816478702
10.649365509222257 11.99978816478702
11.994530935855403 10.700777012028752
11.672774814707912 11.991270327975897
9.006161226863506 9.131677354645053
11.994672063793738 8.386557916198232
11.994672063793738 8.386557916198232
7.722621461244536 0.0021865235855374546
8.990880970382793 0.06865318801407616
8.947309847581597 0.0015595425784422495
8.947309847581597 0.0015595425784422495
8.996028350820861 0.012807095295635496
8.996028350820861 0.012807095295635496
8.99533078608342 0.002831454793037253
4.000737102483447 5.174884619228014
11.999759675867457 5.594095628734349
11.642421130602015 1.5096973665582372
11.583005046477519 1.5013469805006339
11.999033219741202 1.6445969684617876
4.007111020310228 7.035216557919869
4.007111020310228 7.035216557919869
4.00041971424664 7.042648006174643
5.13416549006277 7.993973668510764
8.996215293274615 0.07559812061523574
8.996215293274615 0.07559812061523574
8.442348891746123 7.996256679678301
8.432689633483232 7.998844870129326
11.994796293986616 5.009882485086784
11.994796293986616 5.009882485086784
4.003330395991264 6.708520999067822
4.003330395991264 6.708520999067822
11.999969350450474 8.118544201723381
9.0023498901433 9.209588458932062
9.00010037959986 9.219332159579915
10.293312260526278 11.992633987912312
11.995225268150747 10.230251477082788
11.995225268150747 10.230251477082788
11.995225268150747 10.230251477082788
0.00770626234098367 1.1970079795703437
0.00770626234098367 1.1970079795703437
0.0002748140862097242 1.2036992856339321
0.0002748140862097242 1.2036992856339321
1.043408670181117 0.0037110530797280876
11.997363397718189 9.866696190809417
11.997363397718189 9.866696190809417
11.997363397718189 9.866696190809417
11.997363397718189 9.866696190809417
9.00783952334984 10.723928367400543
9.495219934731406 11.99359774743662
9.503100042267473 11.999754362189877
9.503100042267473 11.999754362189877
11.996529017336565 8.808310810082633
4.007654280457155 6.212568057333148
9.622760048519478 1.5009348783307592
9.622760048519478 1.5009348783307592
9.989204763895735 11.994538562031417
9.989204763895735 11.994538562031417
9.989204763895735 11.994538562031417
9.002733255890652 9.129617277965599
9.002733255890652 9.129617277965599
9.269016415730732 1.504265267809814
11.691739271015042 11.998230865546914
11.996509551236684 11.28023707985407
11.99909774168771 11.270577821591178
11.323919365225827 11.994617986194129
11.323919365225827 11.994617986194129
11.999271768644377 10.954666481941807
11.999271768644377 10.954666481941807
11.999271768644377 10.954666481941807
11.999271768644377 1.5046664819419973
11.999271768644377 1.5046664819419973
11.999271768644377 1.5046664819419973
11.999271768644377 1.5046664819419973
11.999271768644377 1.5046664819419973
10.52542862947669 11.9916053299155
10.685209355037411 11.999979082914363
10.868459622629661 1.5015782837721918
11.234904338005919 11.99518196747285
11.234904338005919 11.99518196747285
11.234904338005919 11.99518196747285
9.00055879624217 10.70518196747265
9.00003522404905 10.735177398327341
11.995863250378829 9.761773866046092
11.878630708394734 11.998704023896202
9.001369101051594 8.803181274343316
11.997798202119597 7.46908508505459
11.159976134339665 1.5076713112302302
11.159976134339665 1.5076713112302302
11.159976134339665 1.5076713112302302
11.999094903591292 3.58456314545986
11.999094903591292 3.58456314545986
11.999094903591292 3.58456314545986
6.145096614944809 7.9958672651644855
6.145096614944809 7.9958672651644855
6.145096614944809 7.9958672651644855
6.145096614944809 7.9958672651644855
6.145096614944809 7.9958672651644855
6.145096614944809 7.9958672651644855
11.995096614944686 7.9958672651644855
11.995096614944686 7.9958672651644855
8.132796075192829 11.995396555046996
8.132796075192829 11.995396555046996
11.999897308304853 9.18578304908882
9.050529083547293 1.5024161390169386
11.999822264935474 4.350515457898847
11.999822264935474 4.350515457898847
11.999822264935474 4.350515457898847
11.999822264935474 4.350515457898847
11.999822264935474 4.350515457898847
11.999822264935474 4.350515457898847
11.850664789643211 1.50442128384833
11.996054944545612 1.7199710527126393
0.008915440298240023 4.931915402435013
2.201225946476814 0.007905385741417302
1.0494765482362598 4.99668011744182
1.1365640563583395 0.007440118611406265
1.0568684805110007 0.00046765919159360615
1.0568684805110007 0.00046765919159360615
0.00528884127703079 0.6575675468407662
0.0013815299921380543 0.6483624983062418
0.0013815299921380543 0.6483624983062418
0.0013815299921380543 0.6483624983062418
0.0013815299921380543 0.6483624983062418
0.6265740634052354 0.0009566780014558969
11.993816847729423 2.210524844461809
0.009594629685844238 1.1620412592073532
8.999594629685697 1.1620412592073532
8.999594629685697 1.1620412592073532
8.999594629685697 1.1620412592073532
8.999594629685697 1.1620412592073532
8.999594629685697 1.1620412592073532
8.458643254657654 0.001967291800441376
0.009930230586104993 0.1494401261954837
0.6306346716274178 11.993186408384577
0.7204154361508021 11.99946449102155
0.000491577906635815 10.382489030994
0.000491577906635815 10.382489030994
0.000491577906635815 10.382489030994
0.000491577906635815 10.382489030994
0.000491577906635815 10.382489030994
0.028589952270662338 11.9922438201958
1.338352188748221 11.005267182226415
1.6974733392401766 11.99194443405166
2.4967102358734867 11.004969063001223
2.4967102358734867 11.004969063001223
4.725761152521419 11.997406472106338
4.8302896157891135 11.002884576738143
4.8302896157891135 11.002884576738143
5.151667289939021 11.991983353685118
3.288647869006657 11.001398356207067
3.936768320674565 11.999416332062118
2.789609758735958 11.002206607996648
3.364609758735946 11.998135822348706
1.126423387511588 11.001631046812832
1.126423387511588 11.001631046812832
0.5064178483587407 11.993847319315867
0.996655031977957 10.942530286353259
0.7924894069250531 11.992871372642343
2.438250624273106 11.003998268815097
2.438250624273106 11.003998268815097
0.004446736437613053 11.889830440028415
6.313485692874471 11.999955124648139
6.313485692874471 11.999955124648139
6.313485692874471 11.999955124648139
6.313485692874471 11.999955124648139
6.313485692874471 11.999955124648139
7.907816113648577 11.003706907889843
3.2224891061337315 11.999603906906877
3.2224891061337315 11.999603906906877
3.9982225650440597 11.006710357362401
2.581089528424136 11.998997592249761
2.581089528424136 11.998997592249761
2.0284065613433206 11.001931126110819
2.0284065613433206 11.001931126110819
2.0284065613433206 11.001931126110819
11.998406561343108 11.001931126110819
11.350286109675306 11.99994910196587
11.99396035435735 11.90948658634179
11.82466911476157 11.995744781292306
11.82466911476157 11.995744781292306
11.994643222938157 11.992777872197955
11.985897025866763 11.997625968400419
11.985897025866763 11.997625968400419
9.007738833951613 10.671664511973093
9.489987236040717 11.99663110728128
8.017805567706828 0.006673595453918617
8.017805567706828 0.006673595453918617
11.999757303419564 8.950283625775025
11.999757303419564 8.950283625775025
11.999757303419564 8.950283625775025
11.999757303419564 8.950283625775025
4.0004902913568765 5.048780419352175
7.533721139279501 0.0028038265320483036
7.533721139279501 0.0028038265320483036
7.373745508054477 1.1441502082944937E-05
0.004867994751837645 0.1286356769448606
0.0022798043008124412 0.11897641868196993
0.0022798043008124412 0.11897641868196993
0.10934070131822982 7.324660558681931E-05
0.10934070131822982 7.324660558681931E-05
0.0003135274853246807 0.07087632115754028
0.0003135274853246807 0.07087632115754028
11.995271959174127 2.1859111251408194
11.020481026470144 1.5033551658830733
4.008259681107664 5.076260398833361
5.976618701324786 7.994472654227244
5.976618701324786 7.994472654227244
5.967108136161834 7.997562824170993
5.967108136161834 7.997562824170993
11.992644596335914 6.495227852496819
11.992644596335914 11.995227852496702
11.992644596335914 11.995227852496702
11.992644596335914 11.995227852496702
11.992644596335914 11.995227852496702
11.992644596335914 11.995227852496702
11.992644596335914 11.995227852496702
11.992644596335914 11.995227852496702
11.992644596335914 11.995227852496702
11.992644596335914 11.995227852496702
11.999961588764647 11.925611319820929
11.999961588764647 11.925611319820929
11.999961588764647 11.925611319820929
11.999961588764647 11.925611319820929
11.916943534940147 11.997777813009877
11.996833897720508 11.993590936510445
11.996833897720508 11.993590936510445
4.208495697005962 0.0006018148909234106
11.999482138203216 9.62166881772819
10.27381510441587 1.5030437316375609
0.0029747592256457074 5.241323898187106
0.0029747592256457074 5.241323898187106
0.9992229759840683 6.835654318961213
0.0020132519184965676 7.982812880899887
0.9969168529962379 8.24939649735546
0.9969168529962379 8.24939649735546
0.001882131108910225 5.18699451488502
0.001882131108910225 5.18699451488502
6.405564853514339 0.001394492634252344
0.0018821311090246881 5.18699451488502
0.0018821311090246881 5.18699451488502
1.1038140924431539 0.002812230995845103
1.1038140924431539 0.002812230995845103
0.0025092309344962715 3.0286224699264577
11.992421808565497 8.876493568092732
11.992421808565497 8.876493568092732
11.554026540541114 11.995837984628793
9.32313409806663 1.5003142287548599
11.995192800861792 5.046255893364865
11.995192800861792 5.046255893364865
4.003729486117027 6.16938281811233
4.000073405814874 6.139606433563089
7.687746022170643 0.002288560535865139
7.687746022170643 0.002288560535865139
4.002332490296634 5.074825115266829
8.683557981080181 7.999979453834231
4.782054774657385 0.0007124417717785415
4.782054774657385 0.0007124417717785415
4.782054774657385 0.0007124417717785415
4.782054774657385 0.0007124417717785415
4.782054774657385 0.0007124417717785415
4.782054774657385 0.0007124417717785415
2.8647862445900576 4.995367723531821
11.99449724407054 4.0357964307343845
11.99449724407054 4.0357964307343845
10.59339744155852 1.5081454771015645
6.539515070174783 7.995713412698315
11.998518904202204 7.325432023970137
9.920094658084524 11.993649312524186
9.920094658084524 11.993649312524186
9.003326884744682 10.467891517274508
11.998200531418666 7.771295173648262
9.00006777918741 10.76942792587949
11.993578684245675 10.454797251443997
11.993578684245675 10.454797251443997
11.999679586238011 10.524530880310419
9.002190208281137 10.89257629739389
11.995972129553893 9.36716821826899
11.995972129553893 9.36716821826899
10.18061712099824 1.5040017954521745
10.200249664667195 1.5001856155446438
10.200249664667195 1.5001856155446438
10.200249664667195 1.5001856155446438
0.0004885566288181965 2.933668555433359
0.0004885566288181965 2.933668555433359
8.993924254596491 0.8573703238395405
8.993924254596491 0.8573703238395405
8.997014424540241 0.8478597586765889
8.372107749039456 7.990575743994328
8.372107749039456 7.990575743994328
0.6613998369447455 0.005903960235152757
11.999802882556311 7.09092452303329
11.999802882556311 7.09092452303329
10.868299079206258 11.992005948903218
10.887320209532161 11.998186288790718
11.998138753475002 8.124301654159064
11.06846243906139 1.509310954965244
11.07361281981049 1.5007392819582228
11.07361281981049 1.5007392819582228
11.07361281981049 1.5007392819582228
11.07361281981049 1.5007392819582228
11.07361281981049 1.5007392819582228
11.07361281981049 1.5007392819582228
10.89036255221824 11.999140081100393
0.0020211519650826897 11.809083374997574
0.9973845201430155 10.33339649584953
0.0026376894780927177 9.527866395305711
0.9929457219367376 10.27411702401427
0.997793818139201 10.265370826942876
0.0007892146645016116 11.372656616904225
0.9951154325232441 10.144765997802105
0.9951154325232441 10.144765997802105
0.9951154325232441 10.144765997802105
0.007239944653294491 10.605419903099424
1.1337234446325026 11.996511174107521
1.1337234446325026 11.996511174107521
1.1337234446325026 11.996511174107521
1.1337234446325026 11.996511174107521
1.099172942897027 11.007114255358593
1.2728211205639677 11.991922008370855
5.25103359829553 11.000042236412424
5.25103359829553 11.000042236412424
5.25103359829553 11.000042236412424
4.354398585774645 11.995856302552161
4.476267929179768 11.003310150910812
4.476267929179768 11.003310150910812
5.4037856988647786 11.997951185112845
5.4037856988647786 11.997951185112845
5.4037856988647786 11.997951185112845
5.383834417859582 11.999346314587727
5.43617037410257 11.000716779833214
5.43617037410257 11.000716779833214
5.43617037410257 11.000716779833214
5.43617037410257 11.000716779833214
6.363688143787581 11.995357814035247
5.881479882319612 11.006684363106102
6.091470690045542 11.99461343984731
6.177754875365734 11.008380688736493
6.316927976325767 11.9986487574781
7.634676567903861 11.005653969277194
7.634676567903861 11.005653969277194
8.90337388121069 11.996868944551574
8.90337388121069 11.996868944551574
8.90337388121069 11.996868944551574
7.4276870020626475 11.001505576373598
7.4276870020626475 11.001505576373598
6.807681462909774 11.993721848876632
7.311610917620679 11.004704607027596
5.993862326042585 11.997699395228501
5.993862326042585 11.997699395228501
6.37373235256057 11.008104143141558
6.381718707661043 11.002085992910038
5.739044646343285 11.991717263085635
5.045017158358484 11.00054328949587
5.045017158358484 11.00054328949587
4.740950585446883 11.995100235697482
5.266758735767085 11.006198931695469
5.247271334471381 11.00169991060859
5.247271334471381 11.00169991060859
5.247271334471381 11.00169991060859
5.247271334471381 11.00169991060859
5.237326115517698 11.000654625975914
5.790009082598564 11.997721092114856
4.314322203450521 11.00235772393688
4.314322203450521 11.00235772393688
4.5437722788812565 11.996215190017876
4.222394604731349 11.007116413070902
4.193163502787793 11.000367881440583
4.193163502787793 11.000367881440583
4.193163502787793 11.000367881440583
4.106007760040124 11.996562579532318
3.9495732949998827 11.00887423893719
5.210390500770646 11.993932599458313
5.218582021213535 11.999668363821824
6.115217033734421 11.003854297682087
7.383914347041252 11.995069272956467
7.866122608509221 11.006395822027322
9.995945908045526 11.999548737117872
9.995945908045526 11.999548737117872
9.995945908045526 11.999548737117872
9.445895007932654 1.5039523268474535
9.436559203667683 1.5003686473520006
11.998290077176467 8.538666377038632
8.886832757607722 11.994289815508614
11.99546846714371 10.544709177738152
11.99546846714371 10.544709177738152
11.998888668576965 10.535312251530293
11.998888668576965 10.535312251530293
11.998888668576965 10.535312251530293
11.998888668576965 10.535312251530293
11.998888668576965 10.535312251530293
11.998888668576965 10.535312251530293
11.714583265465896 11.997936754867428
8.980077738978787 11.002658137789917
9.423420679931482 11.998422686620442
9.423420679931482 11.998422686620442
9.423420679931482 11.998422686620442
11.998657165143602 9.51154572037734
9.009133290775253 8.654313543786214
9.002441984711664 8.64688209553144
9.002441984711664 8.64688209553144
11.990664518810979 9.734506151306865
9.007845730213694 9.262074066885292
11.99513937670527 7.932045244027223
11.99513937670527 7.932045244027223
9.553858901631758 11.995018249355024
9.563471518591141 11.997774622913195
9.503508068969994 11.999868592715345
9.503508068969994 11.999868592715345
9.503508068969994 11.999868592715345
9.001093174503955 8.425000864558145
11.996981778767497 8.582008733286843
11.999072348032849 8.562118295379479
11.999072348032849 8.562118295379479
9.007431574312665 9.831994462969657
9.001985183962516 9.823607757290203
9.001985183962516 9.823607757290203
11.99960464426969 10.914652014498884
11.99960464426969 10.914652014498884
11.99960464426969 10.914652014498884
4.913850798724558 0.003547925528955151
4.913850798724558 0.003547925528955151
4.913850798724558 0.003547925528955151
4.913850798724558 0.003547925528955151
4.913850798724558 0.003547925528955151
4.913850798724558 0.003547925528955151
4.913850798724558 0.003547925528955151
4.913850798724558 0.003547925528955151
11.838850798725092 11.997999767943075
11.999978297716556 10.980680777130093
11.999978297716556 10.980680777130093
11.999978297716556 10.980680777130093
11.999978297716556 10.980680777130093
3.1139743760925462 0.007379801357580319
3.153366686213035 0.0004338742509031057
3.153366686213035 0.0004338742509031057
1.9993677774290424 4.998952306599159
0.006978381245561939 4.824640821103821
0.006978381245561939 4.824640821103821
3.2558891504105714 0.007932524559008723
0.0031752412356450075 6.676984348098743
0.0031752412356450075 6.676984348098743
0.0031752412356450075 6.676984348098743
0.9995396188832946 9.024271724402398
0.0047927882183718 8.218741623858579
0.0047927882183718 8.218741623858579
0.0047927882183718 8.218741623858579
0.0013725867851151134 8.20934469765072
0.0013725867851151134 8.20934469765072
1.447861906750668 0.00589611505912606
8.99121265922482 0.9321031249382359
4.004710880271363 5.421969493606218
4.645803903610584 7.993253168237513
7.241546656359836 0.0043784313581402105
8.507101478535507 7.994777106772734
11.995899510177624 4.625684010046744
0.008760005930251865 1.4137396603246863
11.999237847158762 5.7779166891602465
9.100076571617839 11.995188108232002
8.943642106577583 11.007499767636874
8.95152221411365 11.001343152883617
0.003801582712637478 11.470273320819995
0.003801582712637478 11.470273320819995
0.003801582712637478 11.470273320819995
0.2946873548604397 11.99504514510365
0.9995079867326528 8.679124778615831
0.004986091364380486 8.783653241883437
0.004986091364380486 8.783653241883437
0.9933687092493136 9.673596948340734
0.9933687092493136 0.003596948340895665
0.9933687092493136 0.003596948340895665
0.0006612366971422974 2.460634162942882
0.00013766450402380158 2.43063873208819
0.00013766450402380158 2.43063873208819
4.979456681001387 0.0020625788767015193
1.4806404192600022 4.99889004903949
0.0014765031675453826 1.826812794411243
0.9685879225064838 0.007940753121859812
0.004406507976677494 1.1570074178003258
0.16584730509035406 0.008296458060104569
0.0013024783713107696 0.10329645806010464
0.0013024783713107696 11.993296458059893
0.0013024783713107696 11.993296458059893
0.0013024783713107696 11.993296458059893
0.1211380225418596 11.999576772809041
0.1211380225418596 11.999576772809041
0.1211380225418596 11.999576772809041
0.1211380225418596 11.999576772809041
0.0011380225418595145 11.791730675900785
0.0011380225418595145 11.791730675900785
0.0011380225418595145 11.791730675900785
0.0011380225418595145 11.791730675900785
0.0011380225418595145 11.791730675900785
0.33187678004286586 11.998399188951709
0.33187678004286586 11.998399188951709
0.33187678004286586 11.998399188951709
0.33187678004286586 11.998399188951709
0.33187678004286586 11.998399188951709
0.33187678004286586 11.998399188951709
0.33187678004286586 11.998399188951709
0.33187678004286586 11.998399188951709
0.33187678004286586 11.998399188951709
0.9960659597803502 10.800170190170698
0.9960659597803502 10.800170190170698
0.004891986190668374 11.4941976781555
1.8401510561399017 11.002441492460752
1.8401510561399017 11.002441492460752
2.6456811566837155 11.99718832312576
2.6456811566837155 11.99718832312576
2.6456811566837155 11.99718832312576
2.6456811566837155 11.99718832312576
7.331008164198587 11.001291324108726
7.331008164198587 11.001291324108726
7.331008164198587 11.001291324108726
7.331008164198587 11.001291324108726
7.331008164198587 11.001291324108726
9.79731721734634 11.997744862595033
9.79731721734634 11.997744862595033
10.347368117459212 1.5021484523246151
4.006531524421252 7.415074234066559
6.272412236022128 0.0037123753531339496
6.172473153320216 0.00022242568288378435
6.172473153320216 0.00022242568288378435
8.994737149233794 0.39686576341907187
4.001722584342353 6.787632975169628
4.001722584342353 6.787632975169628
5.296218636208234 7.994770072480267
11.997196474092148 3.6431041827100277
7.939306231720225 7.994658707343943
7.939306231720225 7.994658707343943
7.939306231720225 7.994658707343943
11.38992221819591 1.5049938998307442
11.38992221819591 1.5049938998307442
11.370434816900204 1.500494878743867
11.370434816900204 1.500494878743867
4.872123497795585 7.9988061978480784
4.004314277554577 6.43323692206851
7.879942789643633 7.999092482546993
7.869967149141035 7.999790047284434
7.869967149141035 7.999790047284434
7.869967149141035 7.999790047284434
7.869967149141035 7.999790047284434
7.869967149141035 7.999790047284434
9.37039068161511 1.5007417151670253
11.997790759362609 5.11704768002309
11.997790759362609 5.11704768002309
11.997790759362609 5.11704768002309
11.997790759362609 5.11704768002309
11.999869876270786 5.107266204015752
0.002110798176383391 0.25985688521392475
0.0008921047423319098 0.26978234673033796
0.0008921047423319098 0.26978234673033796
0.0008921047423319098 0.26978234673033796
3.9668916565082393 4.9962765607744375
0.001117835379709456 4.225408219453148
3.301063343125233 0.001670580121094098
3.301063343125233 0.001670580121094098
11.998047898961858 3.515480426362305
11.999266592395909 3.505554964845892
11.554410964331264 11.993906010259638
11.562797670010719 11.999352400609787
11.562797670010719 11.999352400609787
11.562797670010719 11.999352400609787
11.562797670010719 11.999352400609787
11.562797670010719 11.999352400609787
11.993485859695278 11.553361724399867
11.305775993980033 11.999965733112134
9.003555799132227 8.168427898973897
11.998946060271221 11.738195003908471
11.414276967379903 11.998506455477026
11.414276967379903 11.998506455477026
11.414276967379903 11.998506455477026
11.997622868517388 11.820159715596128
9.233435466822703 1.5040718908288553
10.521594426614856 11.995284713677815
7.084396599576137 0.008351365326858942
0.006922936919356689 4.964051775399903
0.006922936919356689 4.964051775399903
0.9968724305805245 5.954001269061043
0.002633236150921245 4.002696981088427
3.3579845587146306 0.003944988007394599
0.009638198473100823 0.5943487920749555
0.0024448004697143052 0.6012953757795455
11.990932040018448 5.444958628647208
11.999761515947037 5.449653344275067
8.948457666179477 11.993195566680013
8.908846943429813 11.998762490718418
11.996254509631978 10.287384531248719
11.936576370270702 11.996342845451414
11.936576370270702 11.996342845451414
11.946188987230085 11.999099219009585
11.997611996005004 11.937815663560064
8.500960504838405 11.00089072028902
0.37200752289588174 11.999000642776979
0.37200752289588174 11.999000642776979
0.37200752289588174 11.999000642776979
0.0035019639132231745 11.819268472593427
0.0035019639132231745 11.819268472593427
1.4724702683423843 11.999635100833009
0.005106716354190733 11.740899316109267
0.9984655693596624 5.469078353330207
0.005104099603292833 6.497734267814505
0.993747339010319 6.549546864495063
0.003439306551674154 5.8032962357865046
0.003439306551674154 5.8032962357865046
0.0010019196835711914 5.8231471588193315
0.0010019196835711914 5.8231471588193315
0.9953281375423135 7.0510377779213105
0.9953281375423135 7.0510377779213105
0.9953281375423135 7.0510377779213105
0.0002772830429376054 3.580883055584075
0.0002772830429376054 3.580883055584075
0.9967308215292681 6.047192108731677
0.0013674533513352554 7.52287898787972
0.0013674533513352554 7.52287898787972
0.9970850590425814 6.455102583515773
0.9970850590425814 6.455102583515773
0.9993345695860201 6.464846284163625
0.0007252274761076899 6.789314128257281
0.9993345695860201 6.464846284163625
0.0019629795584551893 5.188268863320727
0.0005678500835726929 5.16831758231553
0.0005678500835726929 5.16831758231553
0.997634316222487 5.721000549396396
0.0013135212083539693 4.533631662561935
4.083010219997409 0.0004482271497610081
4.083010219997409 0.0004482271497610081
4.083010219997409 0.0004482271497610081
0.003010219997452133 0.0004482271497602561
11.99951870048615 4.605476378806862
8.231774435315653 7.997968553046332
8.231774435315653 7.997968553046332
3.0413644316222763 0.005438040526467555
3.0413644316222763 0.005438040526467555
8.633734686045186 7.992170472344008
8.074985331354604 0.0016824297627555003
8.074985331354604 0.0016824297627555003
8.990856541656008 0.16317523499300082
8.990856541656008 0.16317523499300082
8.990856541656008 0.16317523499300082
8.990856541656008 0.16317523499300082
8.736442112809076 0.004199455723039203
8.99580876587661 0.02233613889651183
0.007868302885012503 4.40604760678722
3.449415949955437 0.0010674941256185594
3.449415949955437 0.0010674941256185594
3.449415949955437 0.0010674941256185594
0.006591360966966619 1.1197090137629282
11.992382949343243 8.039709013762788
11.997829339693393 8.031322308083334
0.007916762062390902 2.183451209917231
0.00014530244782119065 2.1771580060067324
2.625838988688461 4.992869757240539
2.625838988688461 4.992869757240539
2.625838988688461 4.992869757240539
2.625838988688461 4.992869757240539
11.999279011922528 2.8288406144526235
11.999279011922528 2.8288406144526235
11.999279011922528 2.8288406144526235
11.766590453848828 1.5091982254162515
11.74804677675749 1.5017060935479334
11.999815706875994 1.7448365232085796
11.999815706875994 1.7448365232085796
7.287604075595336 7.998152566879046
11.995464105732935 6.284631648817318
6.341310482000486 0.0050578735332180704
8.990906874164939 0.051306750592019126
8.91542652304985 0.0022892374406666954
0.009069254266605152 3.421119476102857
1.0329906400948552 4.997820143840249
1.0329906400948552 4.997820143840249
1.0329906400948552 4.997820143840249
0.004402219297645896 5.051726178770527
0.004402219297645896 5.051726178770527
0.999406277329153 10.694674603530524
0.5012748274611835 11.992351396361515
8.580600501821642 11.000334941043812
0.00782176374710303 11.901370294410574
0.00782176374710303 11.901370294410574
11.997821763746892 11.901370294410574
11.997821763746892 11.901370294410574
11.999914457959216 11.871443372902782
11.999914457959216 11.871443372902782
11.999914457959216 11.871443372902782
11.275144695757575 1.5067528907034418
11.994054355456527 1.6335160604003085
3.2277341506481534 4.99859110663065
0.00478510000821665 3.06204794496888
8.99822079797589 0.9857497133750682
8.99822079797589 0.9857497133750682
8.99822079797589 0.9857497133750682
8.99822079797589 0.9857497133750682
8.99822079797589 0.9857497133750682
0.003703354803944788 0.6716542430525619
0.0037033548039448754 0.0016542430525614792
11.997227024698327 9.372021897509454
11.997227024698327 9.372021897509454
11.997227024698327 9.372021897509454
11.170406880251566 1.5053537051464545
0.0026869610930640303 3.4745240398895625
1.2818343043692773 4.998952481696357
0.00011670676830490348 4.258952481696372
0.00011670676830490348 4.258952481696372
0.9996029214473984 6.308202907258398
0.0031493829610679184 3.8418938541108085
0.0031493829610679184 3.8418938541108085
0.0031493829610679184 3.8418938541108085
9.225586491304599E-06 3.781976082025535
9.225586491304599E-06 3.781976082025535
2.2868434910911084 4.997907429641002
0.008907250437931068 4.123489632750547
0.0005449733765188246 4.043927881121085
8.99753961752877 1.1206271143340123
0.008363166785096715 3.031335552949158
0.541463072222571 0.00797575120166
11.992183528416362 3.7285403634760943
0.008194689228915588 4.988108345851699
0.6208995607449496 11.991357073436594
1.4803368887225146 11.002687523344827
2.03301985580333 11.99975398948377
2.03301985580333 11.99975398948377
1.4580198558033421 11.003824775131712
1.4580198558033421 11.003824775131712
1.4580198558033421 11.003824775131712
0.3581655140968003 11.994138072542839
1.2788633001811756 11.006810575356997
1.2191919864590786 11.000538867560941
1.2889484602031989 11.998102917820688
1.2889484602031989 11.998102917820688
1.2889484602031989 11.998102917820688
0.005942173824490835 10.882802568536938
0.0015584623566000646 10.89179050899993
0.9915584623566007 10.89179050899993
0.9339889104893626 11.990282997229896
0.9415360062915903 11.9968435875198
1.7771598988840989 11.00098581146509
1.7771598988840989 11.00098581146509
1.7771598988840989 11.00098581146509
0.004505943462117787 11.313552531265584
0.004505943462117787 11.313552531265584
0.994137213637717 10.670878469947931
0.994137213637717 10.670878469947931
0.007904462526888702 10.757162655268123
1.04922039021908 11.998154653120915
1.4712100089874844 11.004009411392362
1.4615973920281013 11.001253037834191
3.0559278128021936 11.997501254592487
3.7789036731219205 11.00241035151136
3.788806353809336 11.001018620501759
3.788806353809336 11.001018620501759
3.788806353809336 11.001018620501759
3.788806353809336 11.001018620501759
3.504899877317833 11.991118167318286
3.944175451839721 11.004489073064187
3.751458366509399 11.995932528346406
3.5760737070657886 11.001276697804022
3.5760737070657886 11.001276697804022
3.5760737070657886 11.001276697804022
7.055841046362407 11.999083925861859
7.055841046362407 11.999083925861859
7.055841046362407 11.999083925861859
7.055841046362407 11.999083925861859
7.778816906682189 11.003993022780731
7.883345369949883 11.998514918148926
7.671275445315776 11.000804365400379
0.0005762700094077457 11.671903584557429
7.671275445315776 11.000804365400379
7.671275445315776 11.000804365400379
7.671275445315776 11.000804365400379
8.223958412396641 11.997870831539322
4.96295919456279 11.000883318434633
4.96295919456279 11.000883318434633
11.994228994816197 11.739899553736606
9.002992355193907 8.950526261080949
9.002992355193907 8.950526261080949
9.000375557381762 8.900594784343223
9.000375557381762 8.900594784343223
11.996264161645303 8.743586915614525
11.996264161645303 8.743586915614525
11.996264161645303 8.743586915614525
11.996264161645303 8.743586915614525
11.996264161645303 8.743586915614525
9.003572010866062 8.534317494382098
9.003572010866062 8.534317494382098
9.000082061195812 8.434378411680186
11.998178543293779 6.33508865463525
10.99970152170887 11.997733234455607
10.99970152170887 11.997733234455607
10.99970152170887 11.997733234455607
9.004755882080817 9.534180536636798
10.605994645024799 11.999872006396336
10.605994645024799 11.999872006396336
10.605994645024799 11.999872006396336
9.00134090626626 9.791255611752858
9.00134090626626 9.791255611752858
10.46172208044523 1.5090224089202056
5.394828138514706 7.994350911103569
4.005039842247314 7.970092066155766
4.000345126619455 7.961262590227177
4.000345126619455 7.961262590227177
7.214469698127918 0.006025118044230681
0.004171302626368719 5.639327617274113
0.004171302626368719 5.639327617274113
0.9962580270128285 6.0401566722291316
0.000894658834896386 4.564469793081089
0.000894658834896386 4.564469793081089
0.9971332114737953 7.457756634414886
0.9971332114737953 7.457756634414886
0.0010590334407346962 7.09521528248965
1.900790824493237 0.005319717528010814
1.8814723079674556 0.00014333662596040068
3.035471216751448 4.998661768974215
3.035471216751448 4.998661768974215
3.035471216751448 4.998661768974215
3.035471216751448 4.998661768974215
0.003580012318043068 3.7736982085042063
1.269618060914066 4.996296940512003
0.002014136578253882 3.1859709226333717
0.0006190071033713855 3.166019641628175
11.99479724758841 8.257246245843566
9.006286410658179 9.002365684290387
11.441340326333178 1.508040335884476
11.470684754355194 1.5018029851599435
11.99807448676236 3.617047668441634
11.412120107311562 11.9965856906239
9.750786088584043 1.5073355135036461
9.750786088584043 1.5073355135036461
9.743354640329269 1.5006442074400577
4.850598502102992 7.993550904124709
11.99331448742073 7.368644228623924
5.816125558333361 0.0069571302504495836
11.407365161162284 11.997409152745627
9.00758505754336 10.826958190818592
9.000092925675041 10.808414513727255
9.000092925675041 10.808414513727255
11.996289959159252 8.203860168635204
7.819577361555357 0.006600146102057121
7.819577361555357 0.006600146102057121
8.99231663060016 0.3428777201987958
8.715415658538221 0.0009334971577286142
8.715415658538221 0.0009334971577286142
8.715415658538221 0.0009334971577286142
8.996450513208947 0.31305432385823395
8.872830337381698 0.00708365185119403
4.004146800081504 6.468044928133881
4.561639633702385 7.999743900014976
4.561639633702385 7.999743900014976
4.561639633702385 7.999743900014976
4.002094541453382 7.546633218459077
4.1211513022005315 7.99095909855203
11.996267935208035 2.876798559760722
11.996267935208035 2.876798559760722
11.996267935208035 2.876798559760722
11.996267935208035 2.876798559760722
7.385958057395422 7.997066407300114
7.385958057395422 7.997066407300114
3.658464988842771 0.0034317256369210264
3.6487212881949187 0.0011822150934823737
11.998997501266492 2.714351425705562
11.998997501266492 2.714351425705562
11.999695491200542 2.6943636091651806
11.999695491200542 2.6943636091651806
11.999695491200542 2.6943636091651806
11.999695491200542 2.6943636091651806
4.140419303378382 7.995512334068007
4.004571578938275 7.877421708849711
11.995000620510488 1.634614349047267
11.9814119202857 1.5053265026493903
11.990241396214289 1.5006317870215313
11.990241396214289 1.5006317870215313
11.996669272311154 1.5082922314527212
11.996669272311154 1.5082922314527212
11.996669272311154 1.5082922314527212
7.282631548925261 7.996608526339998
7.282631548925261 7.996608526339998
7.282631548925261 7.996608526339998
11.996831770406754 5.3834846732120445
0.0013475886760601213 3.05179874971052
2.3224622513265643 4.999445207060756
2.3224622513265643 4.999445207060756
4.759805827473754 0.002150309637410478
4.759805827473754 0.002150309637410478
4.341118177529848 7.99118658767409
4.333238069993781 7.997343202427347
4.333238069993781 7.997343202427347
11.991838450717804 4.746460213396491
6.362673326119214 7.996460213396421
11.994532300578044 6.696243119288921
0.004619722947042059 0.8483720211227693
0.004619722947042059 0.8483720211227693
0.004619722947042059 0.8483720211227693
0.004619722947042059 0.8483720211227693
1.2087732280518628 0.0052146596867336005
11.993573129435214 9.380298183961017
11.993573129435214 9.380298183961017
9.281662082158764 11.999160240591323
9.281662082158764 11.999160240591323
6.934374705855133 11.002795862943644
6.924631005207281 11.000546352400205
6.924631005207281 11.000546352400205
6.924631005207281 11.000546352400205
6.924631005207281 11.000546352400205
6.924631005207281 11.000546352400205
7.208537481698784 11.990645899216732
7.204311299081377 11.9997089770871
7.204311299081377 11.9997089770871
7.204311299081377 11.9997089770871
8.92770185261233 11.004708977086944
8.92770185261233 11.004708977086944
8.847811489831969 11.000522100587512
8.847811489831969 11.000522100587512
7.47248259939458 11.99975702948477
6.964013239686279 11.001829722393852
6.973938701202693 11.000611028959801
6.973938701202693 11.000611028959801
7.932567252436067 11.993299953427043
8.436496707146972 11.004282711578007
8.436496707146972 11.004282711578007
8.436496707146972 11.004282711578007
8.436496707146972 11.004282711578007
5.374094724676532 11.999317433465507
5.374094724676532 11.999317433465507
5.374094724676532 11.999317433465507
4.65111886435675 11.00422653038438
1.7672872087788405 11.997209401478605
1.9172643630523 11.999827262444208
1.9172643630523 11.999827262444208
11.997264363052087 11.999827262444208
11.997264363052087 11.999827262444208
11.997264363052087 11.999827262444208
11.997264363052087 11.999827262444208
9.005252411442493 9.576943756902251
9.089709193462545 11.995469558288521
9.089709193462545 11.995469558288521
9.119417235524793 11.999644751317325
9.119417235524793 11.999644751317325
7.39602668199384 11.00464475131717
7.036905531501861 11.991322003142415
7.036905531501861 11.991322003142415
7.045195907227412 11.996913932177122
7.739223395212213 11.005739958587357
7.739223395212213 11.005739958587357
3.4422514095094483 11.997774108244164
3.4422514095094483 11.997774108244164
3.4422514095094483 11.997774108244164
3.4422514095094483 11.997774108244164
8.127578417024296 11.001877109227129
8.636047776732596 11.999804416318048
8.65332565910558 11.009955198113214
8.584266750098879 11.997543607870364
8.94680810202402 11.00146942983726
8.94680810202402 11.00146942983726
10.987070587123256 11.996571933048633
10.987070587123256 11.996571933048633
11.999053053474025 8.21980195225819
3.1862409489633166 0.0017217135049858792
3.15628206292068 0.00015163481769754996
8.75438808170711 7.995075587078128
8.844264739835015 7.999785823139997
4.004581157059264 5.7430043054448765
4.000764977151733 5.723371761775923
4.000764977151733 5.723371761775923
4.000764977151733 5.723371761775923
4.803793769691122 0.009525005137023453
0.0005588645385253554 2.5634503066922854
0.6597575414205014 11.990430581647379
0.6514671656949509 11.996022510682087
0.008514534287415568 11.774636165651243
0.06415657027533916 11.997804182694734
0.06415657027533916 11.997804182694734
0.9997460253881008 8.93762896361285
0.9997460253881008 8.93762896361285
0.006852475843628029 8.161895504702466
0.9971605083022728 7.415644875993907
0.9971605083022728 7.415644875993907
0.9971605083022728 7.415644875993907
0.9971605083022728 7.415644875993907
0.00487327341496546 8.83277791261392
0.0010570935074345651 8.813145368944966
0.0010570935074345651 8.813145368944966
0.0010570935074345651 8.813145368944966
0.9922310670971164 9.507172856929767
0.0022310670971156486 9.507172856929767
0.0022310670971156486 9.507172856929767
0.0022310670971156486 9.507172856929767
0.9908743065041418 9.455360260249297
0.9998723486778965 9.416385457657885
0.002210957285820884 9.902977430593843
0.9972109572858217 8.17958687706289
0.004923722398514994 6.762453840442948
0.9961386976728235 8.031151153749779
0.0029857825821759196 5.901327854213667
0.0029857825821759196 5.901327854213667
0.9905741923394025 5.970386763220368
0.004159306287624967 4.948924246739457
0.004159306287624967 4.948924246739457
0.0012355892403976042 4.958487294299087
9.010286704938324 1.5002365811869671
11.995289219772559 5.461468711021583
11.998709421205815 5.470865637229442
11.998709421205815 5.470865637229442
9.614083134372406 1.5021810349785936
11.998564310418244 11.830503721702193
8.907601666293074 11.002282777374198
8.907601666293074 11.002282777374198
8.660841332781464 11.991984418175768
8.660841332781464 11.991984418175768
8.651931267539581 11.996524323173164
8.651931267539581 11.996524323173164
8.651931267539581 11.996524323173164
11.99317145430792 9.568971231205117
7.94734179499416 11.999950944780428
7.503998854041562 11.004186395949903
7.503998854041562 11.004186395949903
7.4844359020268865 11.000028162133548
7.4844359020268865 11.000028162133548
6.813404417861959 11.994873249199644
0.00444161384690157 11.876022361361242
0.00444161384690157 11.876022361361242
0.0002154312294945773 11.866959283490875
0.0002154312294945773 11.866959283490875
0.016058445872163752 11.99599028320425
5.1303360716344475 11.00187541729239
5.1303360716344475 11.00187541729239
5.1303360716344475 11.00187541729239
4.233701059113562 11.997689483432126
4.2238847872790855 11.999597573385891
4.923648039627397 11.000232079353236
4.923648039627397 11.000232079353236
4.923648039627397 11.000232079353236
4.923648039627397 11.000232079353236
4.730930954297075 11.991675534635455
4.711804859177815 11.99752296872991
4.887189518621425 11.002867138187526
0.005835497971914185 11.429930277651103
0.9957849916330821 10.439980783989839
0.9957849916330821 10.439980783989839
0.9982042105890788 10.4496837412526
0.9982042105890788 10.4496837412526
0.001883415574945796 9.262314854418138
0.9917326337797708 9.279592736791122
0.0035353021562915844 8.450396720295563
0.0035353021562915844 8.450396720295563
0.9929322209051977 8.415846218560088
0.9929322209051977 8.415846218560088
0.9929322209051977 8.415846218560088
0.9929322209051977 11.995846218560011
3.2219831375531296 11.003408809454896
3.2219831375531296 11.003408809454896
11.996634598780966 11.309826390502852
10.848030415840197 11.999977410882284
10.848030415840197 11.999977410882284
11.99996779698999 10.292160011418819
10.132920813446573 1.5083945568291572
10.132920813446573 1.5083945568291572
11.995998187300467 5.328269253600587
11.995998187300467 5.328269253600587
9.418118902300202 1.506406044121801
11.267471994453121 11.99460861370192
9.00733350101943 10.29147209818158
11.998149198240641 11.686112361925757
2.8740461339138235 0.007792993474064043
8.264665723371987 7.9997151929048345
4.005654537751417 5.829640604149767
4.005654537751417 5.829640604149767
8.997882533408974 0.4761315082974735
8.997882533408974 0.4761315082974735
8.997882533408974 0.4761315082974735
8.569638945339298 0.0005188199919417017
8.569638945339298 0.0005188199919417017
8.569638945339298 0.0005188199919417017
3.0183470990230052 4.998924449492649
3.5430799846266092 0.006424534743877887
3.5623985011523907 0.0012481538418274698
3.5623985011523907 0.0012481538418274698
0.0003397060437726387 5.282217491017478
0.9901889242485976 5.264939608644583
0.9999310413158022 5.334258373456495
0.9999310413158022 5.334258373456495
0.9999310413158022 5.334258373456495
0.0029264378411028615 6.441544163417844
1.6068686056668937 0.008483498208054469
0.004172459520015658 1.7271646970131014
0.21622511704497321 0.00013439315719522213
0.21622511704497321 0.00013439315719522213
11.99724166432238 10.241215835698862
7.652311515521523 0.005201865307837256
7.70212125042611 0.0008440781704543445
5.857522604806473 7.9906786094092785
4.003154895672953 7.241465422577469
4.3539280529177 7.993700885817882
4.000506957042843 5.115317046057969
4.202103166163415 7.998277151308895
4.005285457466256 7.771864277242051
7.792812165723758 0.0062837172173734225
7.792812165723758 0.0062837172173734225
7.792812165723758 0.0062837172173734225
11.995071931092564 6.7313051197378995
11.998817997026723 6.722033281192232
9.003584224431405 9.235332835066542
11.991148140871866 9.602159558715963
10.375080649841331 11.998078143400145
7.312678667370891 11.003043421512645
9.442501966907141 11.996196336603195
9.442501966907141 11.996196336603195
9.442501966907141 11.996196336603195
4.318408069310262 11.000173380737568
5.154031961902801 11.996031156792277
5.163691220165691 11.998619347243302
4.4407153598459095 11.003528444162175
2.2116644431979777 11.99596585326729
7.32594206896025 11.001850987355429
7.32594206896025 11.001850987355429
7.32594206896025 11.001850987355429
0.003911037985989466 11.642445696550794
0.003911037985989466 11.642445696550794
0.003911037985989466 11.642445696550794
0.003911037985989466 11.642445696550794
0.3842149628279578 11.997084843783298
0.006721463382307568 11.812968962131855
0.006721463382307568 11.812968962131855
0.006721463382307568 11.812968962131855
0.19056922649080998 11.996816725240375
0.19056922649080998 11.996816725240375
8.299671285400501 11.001144189620518
8.289695644897904 11.000446624883077
6.963960698219369 11.999459563315503
6.963960698219369 11.999459563315503
6.963960698219369 11.999459563315503
4.923698213120335 11.004357060104129
4.923698213120335 11.004357060104129
6.578031103475494 11.998380544680474
6.003031103475506 11.002451330328416
6.003031103475506 11.002451330328416
8.141917480881995 11.999830428036372
8.141917480881995 11.999830428036372
8.141917480881995 11.999830428036372
5.239175453792205 11.000336193853004
5.239175453792205 11.000336193853004
5.239175453792205 11.000336193853004
5.239175453792205 11.000336193853004
5.239175453792205 11.000336193853004
5.581022015972184 11.993130698232248
6.7607304583754555 11.00323777931507
5.732074543891158 11.996599249071393
5.722330843243306 11.998848759614832
5.722330843243306 11.998848759614832
6.474599622183385 11.000554372055781
5.049275065120572 11.998577371306652
1.3304606339076952 11.002124047662033
0.755460633907702 11.998053262014091
0.755460633907702 11.998053262014091
0.755460633907702 11.998053262014091
0.7355093529025055 11.999448391488974
0.7355093529025055 11.999448391488974
1.0194158293940192 11.009348844672447
0.00833983044292519 11.2058821099103
0.00833983044292519 11.2058821099103
0.002893440092774921 11.214268815589755
11.995583364322078 11.633062776019763
11.995583364322078 11.633062776019763
11.479517576419969 11.99441593092094
11.789470361918452 11.999826176916521
9.74972220134306 1.506231585860748
11.99424131442749 1.6631836517850187
11.764878742026553 1.5025822496067238
11.764878742026553 1.5025822496067238
11.996718628579798 2.023303160463003
11.996718628579798 2.023303160463003
0.0038634518083883705 5.013457790075006
0.0012752613573631636 5.023117048337896
1.1057025845414006 11.996196732939497
1.1057025845414006 11.996196732939497
0.001929299941874671 9.12076901932838
0.9994933502016995 9.051012545584237
0.9994933502016995 9.051012545584237
0.00178279745321969 8.83894262095013
0.00178279745321969 8.83894262095013
1.0891804333401254 11.996974663451725
1.1937088966077756 11.002452768083531
1.1937088966077756 11.002452768083531
1.1937088966077756 11.002452768083531
1.315578240012921 11.99499891972488
1.315578240012921 11.99499891972488
1.245748756494734 11.99988187288697
1.7106288444095081 11.002943307146566
4.971628062243444 11.999930820251254
4.971628062243444 11.999930820251254
11.996836229345112 10.378033718431396
9.003020660187834 9.850143258323897
11.991243194287149 10.937767314099322
11.89885810697462 11.99373369407656
11.879452192449099 11.998572131988553
11.999452192449096 11.998572131988553
11.999452192449096 11.998572131988553
6.659000068863259 0.0037202731408833116
8.998599098949372 0.7639020793032532
8.891435811210078 0.001395666372243868
8.995634566778923 0.10929663642304156
8.995634566778923 0.10929663642304156
8.995634566778923 0.10929663642304156
8.998890248323494 0.11875182217903474
7.034484456054248 7.997553119540001
7.034484456054248 7.997553119540001
4.004484456054312 7.997553119540001
4.004484456054312 7.997553119540001
4.004484456054312 7.997553119540001
8.99954914821644 1.368878386147311
8.99954914821644 0.008878386147309974
8.981573267290456 0.00011096321152841843
8.981573267290456 0.00011096321152841843
8.999343106045949 0.16917968542413486
8.135511184611936 0.0012677694927746735
8.135511184611936 0.0012677694927746735
8.135511184611936 0.0012677694927746735
8.135511184611936 0.0012677694927746735
0.0035638543811339976 4.325100862750859
0.9989272225590669 5.800787741898902
0.004405327190794495 5.905316205166597
0.004405327190794495 5.905316205166597
2.035950611003486 0.005280293426910453
0.0065541489980900655 2.0346767554323066
0.0065541489980900655 2.0346767554323066
0.0065541489980900655 2.0346767554323066
0.0011077586479397942 2.0262900497528524
0.0011077586479397942 2.0262900497528524
11.995041816789069 3.286903316760714
6.576227030789748 7.99740714491267
6.576227030789748 7.99740714491267
4.0014692498362505 7.060271952200268
5.502514380033149 7.998229049893077
5.502514380033149 7.998229049893077
4.0010672715198945 6.738365334907403
4.0010672715198945 6.738365334907403
8.994081836411334 0.34759812315684724
8.849511318870299 0.007011327379443946
8.849511318870299 0.007011327379443946
6.85849411808503 7.99254515463077
11.401219493985547 1.5048609638620885
4.438732254571317 7.997485351657163
4.0037973604380515 7.514441215096843
4.0037973604380515 7.514441215096843
11.997432042101627 3.7869481465442054
10.212013763657092 1.5017169610846968
9.109238476183851 11.993922957219729
9.118148541425734 11.998462862217124
11.997151218910847 11.746582765676362
11.997151218910847 11.746582765676362
9.006089534491457 8.75552108125697
9.006089534491457 8.75552108125697
9.006089534491457 8.75552108125697
11.53645819808009 11.99424527858062
11.376555665757031 11.99982919805302
11.993293917570115 11.738039341965198
9.50698917914963 11.999360500134213
9.50698917914963 11.999360500134213
11.992562031691062 11.650036016724307
11.992562031691062 11.650036016724307
11.99931056332138 11.620804914780749
9.852429661754648 11.99935794209468
8.376742782606605 11.003994573916703
8.055365108456606 11.993093350863678
11.994765757137365 11.010890454729232
9.129844473071547 11.997361962734315
9.000853973804997 10.522993809558548
9.000853973804997 10.522993809558548
11.994831550483145 7.422639270099192
9.003817740058997 10.744496639983238
9.224350925696012 11.995202486308811
9.224350925696012 11.995202486308811
9.224350925696012 11.995202486308811
9.224350925696012 11.995202486308811
6.767313711093981 11.002495013756663
5.991580252183597 11.99538856330114
6.000852090729264 11.999134629235298
4.772961471627285 11.004808411376521
4.772961471627285 11.004808411376521
6.635980892559649 11.995393408854572
0.008592127166332331 10.945718148434453
0.998592127166333 9.230987848941345
0.0084925803498634 8.94708137244975
0.001061132095089454 8.953772678513339
0.9972558301868352 9.040928421261007
0.9972558301868352 9.040928421261007
0.1510491478286386 11.992001827791821
0.1510491478286386 11.992001827791821
0.9989356966503642 9.994506295800191
0.9989356966503642 9.994506295800191
0.9989356966503642 9.994506295800191
0.9989356966503642 9.994506295800191
0.9989356966503642 9.994506295800191
0.9989356966503642 9.994506295800191
0.9999826815514392 9.964524570989617
0.002962120078405895 8.967504009516487
0.9968195861593455 9.196954084947313
0.0008903718072392937 8.621954084947223
1.881437976271425E-05 8.611992137966306
1.881437976271425E-05 8.611992137966306
0.9962670311381853 10.206322558740412
0.9962670311381853 10.206322558740412
0.001710084936629934 10.510389131652106
0.9974276906278761 9.442612727288159
0.9974276906278761 9.442612727288159
0.0009229150921657159 7.204426356063662
0.0009229150921657159 7.204426356063662
0.0009229150921657159 7.204426356063662
0.9959229150921665 5.481035802532709
6.513903749695397E-05 6.316659695125248
0.9934266087938645 7.345315609609545
0.9934266087938645 7.345315609609545
0.0068718974533683586 6.679876054479325
0.999159132340675 8.09700909109926
0.0011072453839964384 1.7955574781023458
0.9980947584885327 5.056556695936278
0.9980947584885327 5.056556695936278
0.004237292407593064 5.286006771367013
0.004237292407593064 5.286006771367013
6.209937879108696E-05 5.3157148134292616
6.209937879108696E-05 5.3157148134292616
1.4235668474426553 0.0031227688394319213
7.6663742072450844 7.993551810411641
7.6663742072450844 7.993551810411641
7.65716915871056 7.997459121696534
7.65716915871056 7.997459121696534
7.637245264748725 7.999202236551487
7.637245264748725 7.999202236551487
11.996113326398811 3.93449201057894
11.996113326398811 3.93449201057894
3.933930731095182 0.0023028238809661376
3.933930731095182 0.0023028238809661376
11.994948036622107 8.063320129407456
11.999447057708986 8.082807530703162
11.999447057708986 8.082807530703162
11.999447057708986 8.082807530703162
4.7259973665880715 0.004823277763716937
4.7349074318299555 0.00028337276632146944
4.7349074318299555 0.00028337276632146944
4.7349074318299555 0.00028337276632146944
4.7349074318299555 0.00028337276632146944
11.659907431830458 11.994735215180441
9.003329709446472 9.685407433134088
9.003329709446472 9.685407433134088
11.999157735776251 10.658810965415338
11.459724241257348 11.9939557159916
9.98588110208966 1.5070168680180984
11.99307901905846 2.2775079595404906
2.1324539634317707 0.0010032895806061535
2.1324539634317707 0.0010032895806061535
2.1324539634317707 0.0010032895806061535
2.1324539634317707 0.0010032895806061535
0.0010642360030118847 6.972464960551052
0.0010642360030118847 6.972464960551052
0.0010642360030118847 6.972464960551052
0.0010642360030118847 6.972464960551052
0.9969934503551181 6.397464960551064
0.007596531606211999 6.362914458815588
0.0036892203213192637 6.353709410281064
0.4473403933339596 0.009202050628540223
0.00034383067523778565 0.15444003798476538
0.00034383067523778565 0.15444003798476538
0.00034383067523780436 0.004440037984765392
0.00034383067523780436 0.004440037984765392
11.99985893104078 5.5999058234315084
9.131976749285403 1.5041456019866286
9.131976749285403 11.994145601986416
8.211278963201018 11.006818104800574
8.29756314852121 11.993050855911392
8.387343913044587 11.999328938548365
8.852224000959312 11.00239037280796
8.792260551338165 11.00029640300581
8.802259028289729 11.000121878941437
9.068842644745303 11.995025480019226
11.995597898401323 11.210803773358656
2.9800358806711245 11.999563245225058
2.9800358806711245 11.999563245225058
2.8046512212275143 11.004907414682673
1.4374125007338576 11.998264491057007
1.4374125007338576 11.998264491057007
3.576298878140333 11.000885393349051
3.576298878140333 11.000885393349051
7.304772567615996 11.999926907444696
7.304772567615996 11.999926907444696
7.2524366113730965 11.001297372690182
11.991714686414419 11.084021779203255
6.827319527943562 0.00894062161517693
6.822169147194462 0.0003689486081558061
6.822169147194462 0.0003689486081558061
6.822169147194462 0.0003689486081558061
4.22333622450146 7.99875425065048
4.22333622450146 7.99875425065048
4.2133605839988615 7.999451815387921
4.2133605839988615 7.999451815387921
4.2133605839988615 7.999451815387921
4.2133605839988615 7.999451815387921
4.003360583998866 7.635721145798474
11.993195115237883 5.791122500178837
11.999488319148382 5.783351040564267
7.802701617779894 0.006969700727062853
4.573592782534794 7.99929452709268
4.573592782534794 7.99929452709268
4.573592782534794 7.99929452709268
5.839147604710465 0.008895851678086642
6.538136661546769 7.99837733037381
6.538136661546769 7.99837733037381
6.538136661546769 7.99837733037381
6.538136661546769 7.99837733037381
6.578112294627534 7.99977331024191
6.578112294627534 7.99977331024191
6.578112294627534 7.99977331024191
6.578112294627534 7.99977331024191
6.578112294627534 7.99977331024191
4.000541178931941 6.958366980545694
5.80187401880349 7.998366980545672
5.811776699490906 7.999758711555272
6.230987708997241 0.0007361381710477288
6.230987708997241 0.0007361381710477288
0.008052094842215288 4.041957777982628
0.0039847284114572865 4.051093232559054
0.9989887864429644 9.69404165731896
0.9989887864429644 9.69404165731896
0.9989887864429644 9.69404165731896
0.0027258867070258236 7.098688071656892
0.9924275275085401 6.851927738145192
0.0033319867635075717 4.275245761012907
0.00019613286547796914 4.305081417873955
2.7849448672776007 4.999397258245112
2.7849448672776007 4.999397258245112
11.896689829889947 1.501726070683012
11.995557174982862 1.5499468968298113
11.984309622265664 1.501228393590549
11.999403813870119 1.5143495741703592
11.999403813870119 1.5143495741703592
9.00175475440098 8.24717959699631
11.996754754401449 3.0596874283277145
11.996754754401449 3.0596874283277145
0.0028206962603198223 1.799074161319853
0.0028206962603198223 1.799074161319853
0.0028206962603198223 1.799074161319853
1.5634219788294421 4.998780966144873
0.0048313424259713855 3.9474983076198242
6.076806254350822 0.004311694110952815
6.076806254350822 0.004311694110952815
6.076806254350822 0.004311694110952815
11.994767013937341 4.627929373806684
10.827765904737031 11.996084394646337
10.827765904737031 11.996084394646337
10.827765904737031 11.996084394646337
9.001472895312993 10.517181475679168
9.6313738532226 1.509178101833084
9.997469573631832 11.99278787726355
11.99716273209443 6.783409097409527
11.999750922545456 6.773749839146637
9.430896002361028 1.5068167278336009
9.430896002361028 1.5068167278336009
9.422704481918137 1.5010809634700903
9.422704481918137 1.5010809634700903
11.998902672470505 2.6480782969438823
11.998902672470505 2.6480782969438823
4.006574150500874 6.72037307960768
4.0017357125888795 6.739778994133199
4.0017357125888795 6.739778994133199
4.0017357125888795 6.739778994133199
4.0017357125888795 6.739778994133199
11.99173223330174 5.758730779721957
2.023779835743212 0.0037307797220575978
2.023779835743212 0.0037307797220575978
0.004087491527298048 0.03898464072536947
0.004087491527298048 0.03898464072536947
0.004087491527298048 0.03898464072536947
0.004087491527298048 0.03898464072536947
0.004087491527298048 0.03898464072536947
11.99544967680853 9.749398274624625
9.221038594406906 11.996072070672621
11.992869123543453 9.411298286035716
11.99709530616086 9.420361363906084
9.003963647915219 10.056571137808406
9.003963647915219 10.056571137808406
11.48619752177641 11.995904785084367
4.839457628198627 0.004868600203025871
1.718233161864943 4.999871886564414
8.994485826887187 0.45316459944340703
8.906713689013971 0.001616095057481507
0.008780931574998927 3.9632309986158822
1.8717209077819206 4.995875489740655
1.8717209077819206 4.995875489740655
0.000607206986352346 4.042495440287592
0.000607206986352346 4.042495440287592
2.723876646888877 0.005082461944554969
0.0005267896795581491 0.19551763526601798
0.0005267896795581491 0.19551763526601798
0.0005267896795581491 0.19551763526601798
0.05900113062410553 0.004256684073410809
0.0014539465970133938 0.059829353710130546
6.660733582949638 7.996049784422863
6.660733582949638 7.996049784422863
11.039214017125792 1.504685591316718
10.95932365434543 1.5004987148172826
10.95932365434543 1.5004987148172826
10.95932365434543 1.5004987148172826
10.95932365434543 1.5004987148172826
10.95932365434543 1.5004987148172826
11.995961161640443 2.6121563412784305
4.008573884959885 5.519327559546651
4.008573884959885 5.519327559546651
10.189575970717637 1.5053378714857624
10.199086535880589 1.5022477015420128
10.199086535880589 1.5022477015420128
11.996583351678456 2.0862898209106784
11.999339725236627 2.076677203951295
5.422508019761501 7.998483070227293
4.00945332673222 7.5932961571763125
4.1016832590132015 7.992787883738245
4.094489861009815 7.999734467442835
4.094489861009815 7.999734467442835
4.004184272850149 7.906220293398808
4.351917570314199 7.999395149635707
4.351917570314199 7.999395149635707
4.002728366670549 6.9247012862221675
6.105503763755195 7.996118865607515
6.105503763755195 7.996118865607515
6.105503763755195 7.996118865607515
11.995206962193345 3.872104288243293
11.284887658799844 11.991091077690932
11.284887658799844 11.991091077690932
11.313865433588518 11.998855649044007
11.313865433588518 11.998855649044007
11.99014032243889 11.927776294022035
0.007444306479776798 11.509331328559051
0.9993888584233549 8.456439911251563
0.0050747896089061995 7.858995744355935
1.1128203026476948 11.993158280873338
0.0004927567726781728 6.760068616947248
0.0004927567726781728 6.760068616947248
0.9903419749775032 6.777346499320144
0.0005705358342785929 5.309949995897652
0.9982810885827584 5.5220199205317595
0.0036252580404293917 5.346635261088149
0.9998734747988519 6.940965681862256
0.0021426948682626637 7.471468547810317
0.0021426948682626637 7.471468547810317
0.9963818892978662 9.42277283578279
0.9998548528512048 9.403076680722545
0.15623845820760138 11.999460970208354
0.15623845820760138 11.999460970208354
0.15623845820760138 11.999460970208354
0.00027730860362909157 9.023544956639903
0.00027730860362909157 9.023544956639903
0.00027730860362909157 9.023544956639903
0.7890367804699329 0.007982938909692818
0.7600590056812607 0.0002183675566171982
0.7600590056812607 0.0002183675566171982
11.9975273230309 4.540450279757408
11.9975273230309 4.540450279757408
11.999617892296252 4.520559841850043
11.999617892296252 4.520559841850043
10.411172574448623 11.99360751145649
10.411172574448623 11.99360751145649
0.007514065179718655 11.630303750783458
0.00019707275098294116 11.560687218107685
0.4533811469643336 11.998321991496834
0.4533811469643336 11.998321991496834
0.4533811469643336 11.998321991496834
0.003449684143957365 11.990468408600023
0.003449684143957365 11.990468408600023
0.003449684143957365 11.990468408600023
0.021108636001135904 11.99985783985574
1.0888850403651267 11.004140234164478
1.0888850403651267 11.004140234164478
1.0980204949415526 11.000072867733719
1.0980204949415526 11.000072867733719
1.0980204949415526 11.000072867733719
1.2560193046321888 11.997638091734798
0.00935278165365817 11.75531066760657
0.9934413251394196 10.623246297272486
0.16938040528332898 11.994713978395792
0.5881743657133374 0.00202405416648788
0.5881743657133374 0.00202405416648788
3.8287766240528196 4.992113933441745
3.8287766240528196 4.992113933441745
0.005529428546281977 3.7498656160545667
0.005529428546281977 3.7498656160545667
8.995908935714267 0.29878226193328694
8.995908935714267 0.29878226193328694
3.3037205876131512 0.00046731134850685194
3.3037205876131512 0.00046731134850685194
0.005355931117851789 2.4859633569664696
4.309502187926514 0.0009633569665004962
11.994992221997629 3.5847662165276617
8.020356420225943 7.999046479863509
0.022978725006245627 0.0016687846438130935
3.025650701731877 4.998954147737171
3.025650701731877 4.998954147737171
0.6970240795405993 0.005198241165263639
0.6875135143776477 0.0021080712215141633
0.008445430744538008 0.03769652146671606
11.993555784903219 2.150994843673324
0.008445430744538242 0.037696521466716655
11.993047846684608 7.820588331831683
11.997274029302014 7.829651409702049
8.62411673327477 11.995153763111752
8.62411673327477 11.995153763111752
8.62411673327477 11.995153763111752
7.444408290871499 11.005260844194574
8.014408290871488 11.992529804508788
8.053800600991979 11.999475731615465
11.99417859951798 11.723937660326103
11.998336833334335 11.704374708311425
11.275133426772193 11.996567851175831
5.68389382394327 0.0061158286806558375
0.006267357295876213 5.118273661262371
0.0018836458279854421 5.10928572079938
0.9986018556986257 9.106904113056439
0.008601855698624943 9.106904113056439
0.008601855698624943 9.106904113056439
0.3265362706584063 0.002453678912390903
0.3166881931282842 0.0007171971357215999
0.3166881931282842 0.0007171971357215999
0.7354821535582926 11.993407121365026
1.3054821535582863 11.006138161050812
1.1127650682279864 11.997581616333031
1.1127650682279864 11.997581616333031
1.1127650682279864 11.997581616333031
0.00546897243958204 11.920151930477033
0.00546897243958204 11.920151930477033
2.0700817067118558 11.000927117125574
2.0700817067118558 11.000927117125574
2.0700817067118558 11.000927117125574
2.1919510501170234 11.993473268766923
1.2020015564558586 11.00352377510566
1.2020015564558586 11.00352377510566
0.0010207129698557409 11.150985680625858
9.703957072383364 11.999882614988152
9.703957072383364 11.999882614988152
9.703957072383364 11.999882614988152
9.001555891274638 10.170064979053805
9.001555891274638 10.170064979053805
9.001555891274638 10.170064979053805
11.994748231066445 11.761573576897687
10.91705977477743 1.5080528356510223
11.999490847383187 2.8447438893569883
11.999490847383187 2.8447438893569883
11.834967233786271 1.5048065846412157
11.834967233786271 1.5048065846412157
11.999691587579365 3.3876145640345943
11.999691587579365 3.3876145640345943
11.999691587579365 3.3876145640345943
11.999691587579365 3.3876145640345943
0.009691587579576348 3.3876145640345943
11.996624935930534 6.824812391072501
11.998874446473973 6.834556091720353
5.168222940211607 0.0039045854584292836
5.1584414642042695 0.0018254685502516856
5.138490183199073 0.00043033907536917375
11.998464361957934 9.797488788771735
11.998464361957934 9.797488788771735
11.284635104951684 11.994429341413573
11.303953621477467 11.999605722315623
11.303953621477467 11.999605722315623
11.303953621477467 11.999605722315623
6.6088451379550195 11.001629606390411
3.874339611467917 11.996908223467923
4.236880963393137 11.000834045434818
6.475067334617495 11.997338820970691
6.475067334617495 11.997338820970691
6.475067334617495 11.997338820970691
8.12940022497264 11.003315336394346
8.233928688240246 11.99783723176254
6.866689967746539 11.004480155388206
6.946580330526907 11.000293278888774
4.480271277379326 11.996746817375081
4.480271277379326 11.996746817375081
5.028106148257728 11.008426548307533
5.028106148257728 11.008426548307533
5.046777756787672 11.001259189316627
5.046777756787672 11.001259189316627
5.046777756787672 11.001259189316627
5.046777756787672 11.001259189316627
5.046777756787672 11.001259189316627
5.046777756787672 11.001259189316627
5.056703218304086 11.000040495882576
5.056703218304086 11.000040495882576
5.056703218304086 11.000040495882576
2.7094158420003307 11.996404873530254
2.0894103028474573 11.00418860102722
2.5113999216158858 11.998333842755773
2.5113999216158858 11.998333842755773
2.5459504233513615 11.008936924006845
1.9981155524730094 11.997257193074393
1.9981155524730094 11.997257193074393
1.2223820935626812 11.004363643529917
1.2223820935626812 11.004363643529917
1.2026859385024369 11.000890679976578
1.2026859385024369 11.000890679976578
0.004354727970543936 11.390252092889078
1.2026859385024369 11.000890679976578
0.7806963197340148 11.995035921705131
2.504086873265056 11.000035921704976
2.504086873265056 11.000035921704976
1.9290868732650681 11.995965136057034
0.002136099819475438 11.586379105146062
0.07506833443958613 11.999998361411212
0.0024298544812587503 11.85743731754108
0.6236576550850009 0.0037047400044328306
0.6236576550850009 0.0037047400044328306
0.0006680140097855285 5.93105523639939
0.9907675608262552 6.214961712890893
0.9907675608262552 6.214961712890893
0.9992199260610692 6.19683555715016
0.5660322241100821 0.0019628050366119927
0.5460809431048856 0.0005676755617294809
0.5460809431048856 0.0005676755617294809
0.5460809431048856 0.0005676755617294809
0.5460809431048856 0.0005676755617294809
0.5460809431048856 0.0005676755617294809
0.5460809431048856 0.0005676755617294809
6.353399235754623 7.993655579986404
4.005753853557178 5.804440844185754
4.000307463207028 5.7960541385063
4.000307463207028 5.7960541385063
4.631517008027942 7.997343422204977
4.631517008027942 7.997343422204977
4.631517008027942 7.997343422204977
4.003542303195727 7.193572453526115
4.003542303195727 7.193572453526115
11.99607281571559 2.0031624498327005
11.99607281571559 2.0031624498327005
11.999560639402796 2.0530406523456923
10.766274271585173 1.503946184193365
11.13271898696143 11.997549867894023
9.000362175135297 10.390703756078013
9.000362175135297 10.390703756078013
9.000362175135297 10.390703756078013
9.000362175135297 10.390703756078013
9.000362175135297 10.390703756078013
11.996250779398839 10.54771162480671
9.00301689323437 9.632588189024402
11.991527730164602 10.377707627471223
11.99622244579246 10.368878151542633
3.9002740452594904 0.006536741614174946
0.007500922442261911 3.0479044297229225
0.007500922442261911 3.0479044297229225
0.9999579888050187 5.3859867574921525
0.9999579888050187 5.3859867574921525
0.9999579888050187 5.3859867574921525
0.9999579888050187 5.3859867574921525
0.30484370807513456 11.99955736169088
0.9949947284546108 10.85095317875011
0.3048437080751345 11.99955736169088
1.452002270013743 11.002347637625409
4.51440425248417 11.997382359512908
7.248909778971279 11.002103742435397
7.218982857463484 11.000011048223072
6.643982857463496 11.99594026257513
6.643982857463496 11.99594026257513
6.643982857463496 11.99594026257513
6.643982857463496 11.99594026257513
6.643982857463496 11.99594026257513
6.643982857463496 11.99594026257513
6.643982857463496 11.99594026257513
5.226849820843572 11.00365302768777
7.961355347330681 11.998931644765282
7.677448870839178 11.008832097948755
7.682143586467037 11.000002622020165
6.534985024528362 11.997212346085636
6.485053547790632 11.99982914389778
6.272983623156525 11.002118591149234
6.272983623156525 11.002118591149234
6.272983623156525 11.002118591149234
11.992983623156404 11.002118591149234
9.005419706715942 10.635291867499813
9.005419706715942 10.635291867499813
11.999789768212201 11.437630907317558
11.950982552273507 11.99549993824893
11.950982552273507 11.99549993824893
11.970678707333752 11.998972901802269
11.970678707333752 11.998972901802269
9.00665307921714 10.740818668066769
11.994491778110865 9.71202329998226
11.999339874313328 9.703277102910866
11.999339874313328 9.703277102910866
10.56855786088386 11.993006962533252
10.56855786088386 11.993006962533252
11.991461086531528 11.329496291600417
10.14966354979107 11.999855772518604
11.994738799270996 10.801649895485692
11.994738799270996 10.801649895485692
11.360952189510158 11.993629145845262
11.360952189510158 11.993629145845262
11.360952189510158 11.993629145845262
11.995786879528197 11.749938940154479
3.4285124759392787 11.000399552524527
3.4285124759392787 11.000399552524527
3.4285124759392787 11.000399552524527
3.1040446318455754 11.999008894634454
1.5097142110714818 11.002760677876157
1.5195910944774331 11.001196333225755
1.5195910944774331 11.001196333225755
1.5195910944774331 11.001196333225755
1.5195910944774331 11.001196333225755
1.5195910944774331 11.001196333225755
1.5195910944774331 11.001196333225755
1.6949757539210433 11.99585216376814
0.006356171537884842 10.981227156195393
0.006356171537884842 10.981227156195393
0.9984428959243447 10.580398101240375
0.9984428959243447 10.580398101240375
0.008593677719519587 10.597675983613358
0.0013360208515295511 10.62678485540164
0.0013360208515295511 10.62678485540164
0.9946930972258076 11.994023575895222
1.164589537819054 11.999956490334647
0.0027636460847499343 11.27396709833525
0.9966233675897433 9.480996698699432
0.0070281155027085256 9.101126672181447
0.0070281155027085256 9.101126672181447
0.9993153503900151 10.518259708801525
0.9993153503900151 10.518259708801525
0.0023107469153156772 9.410973918840176
0.0010920534812641999 9.401048457323762
4.67688485876693E-05 9.39110323837008
4.67688485876693E-05 9.39110323837008
4.67688485876693E-05 9.39110323837008
0.9980647447036411 8.742982786702278
0.0016112062173106313 11.209291839850096
4.1127530022300315E-05 11.239250725892731
4.1127530022300315E-05 11.239250725892731
4.1127530022300315E-05 11.239250725892731
0.16013312945969682 11.99242437845781
3.859629044146838 11.001147435715241
3.4970876922216494 11.997221613748346
3.4970876922216494 11.997221613748346
3.4970876922216494 11.997221613748346
3.4471562154839215 11.999838411560491
0.00012390680691515277 11.453882128569997
0.15448082606443458 11.992188678295488
0.1476608424638096 11.99950221531168
0.9971235485626194 10.17782356336785
0.002978306833982817 9.755833944599422
0.5137772397651138 0.009209685394797652
8.998605361157319 0.3055064123990294
8.999650645789995 0.2955611934453467
6.936862856323081 7.99399002896906
11.9921035902212 6.733576952894592
9.970908354785886 11.998970558338446
9.970908354785886 11.998970558338446
9.970908354785886 11.998970558338446
9.970908354785886 11.998970558338446
7.930645869686657 11.003868055127072
11.639801042636854 11.997733188320666
6.796137789769205 0.009245948771931136
10.924341988285526 11.998421487370981
10.924341988285526 11.998421487370981
10.924341988285526 11.998421487370981
10.924341988285526 11.998421487370981
10.924341988285526 11.998421487370981
9.004276365349043 8.061703564580386
9.004276365349043 8.061703564580386
9.004276365349043 8.061703564580386
9.004276365349043 8.061703564580386
9.004276365349043 8.061703564580386
11.990178674265039 7.905219055414117
4.009549672835258 6.35394192300271
4.000803475763864 6.349093826800246
4.000803475763864 6.349093826800246
4.000803475763864 6.349093826800246
5.199885390440575 7.999488495325224
5.199885390440575 7.999488495325224
4.006475762042421 7.565122913301592
4.006475762042421 7.565122913301592
4.006475762042421 7.565122913301592
4.006475762042421 7.565122913301592
4.000238411317889 7.535778485279579
4.4448197684116275 7.9961559574963275
11.990758690558403 6.800996644588771
11.999075158191113 6.8401225486181225
2.926575764053952 0.0035038856107397626
2.926575764053952 0.0035038856107397626
2.926575764053952 0.0035038856107397626
0.00605617467901083 2.823816869674275
0.0010561746790108259 2.8324771237121196
0.0010561746790108259 2.8324771237121196
3.20943158046701 4.9965536601439196
3.20943158046701 4.9965536601439196
0.0009630377443394823 4.545632813033413
0.0009630377443394823 4.545632813033413
0.9981727618099111 5.692791374972088
0.9981727618099111 5.692791374972088
0.0036508664416387455 5.588262911704393
0.0036508664416387455 5.588262911704393
1.089354050134178 0.00280423788723572
11.999185377458897 3.973658101898153
0.0026394121485566295 0.5337039013020761
1.368015273203743 4.999647111649442
0.005460973064179999 4.5037179038271855
0.00023162849932050053 4.56348958571269
0.00023162849932050053 4.56348958571269
11.993086805270728 1.5733349561007692
11.950693264132077 1.5054911084082558
10.47685012496439 11.992429956381757
10.47685012496439 11.992429956381757
10.48567960089298 11.997124672009615
11.99475974969185 11.94442643198884
11.998575929599381 11.964058975657794
11.998575929599381 11.964058975657794
11.973949470586353 11.995579405802063
10.871174183113112 1.5033734096670308
5.978418044886835 7.996280106351683
4.009618115659169 7.927528097847756
4.004735162497079 7.997357581365945
7.563680789410136 0.0038348269932295086
8.995166992083966 1.386204984206631
8.995166992083966 1.386204984206631
3.8345091130633273 4.999736533218227
0.006163097617468926 4.255581451249656
11.990151936804915 5.515149433625376
11.99602978932784 5.523239603569126
9.00391501924493 9.35297186609782
9.000168953310771 9.362243704643488
9.000168953310771 9.362243704643488
9.000168953310771 9.362243704643488
9.000168953310771 9.362243704643488
11.991682832760983 11.15972658607947
11.998194195850125 11.178636957591456
11.998194195850125 11.178636957591456
9.006680316399914 9.381154076155473
9.001503935497864 9.400472592681256
9.692648975486877 1.5006486368138
9.692648975486877 1.5006486368138
9.692648975486877 1.5006486368138
9.692648975486877 1.5006486368138
9.692648975486877 1.5006486368138
4.006364143950077 5.785571601656474
7.346364143950006 0.0005219043764904813
4.002573586638356 5.351705391123582
4.002573586638356 5.351705391123582
11.992205550452272 2.6006544859607006
11.999276618264139 2.607725553772566
11.999276618264139 2.607725553772566
4.005862141334141 7.2227255537724675
9.926028698121156 1.5056871648950247
11.991693235465972 1.9825834001040041
11.998764303277838 1.9755123322921386
0.006074379048533486 1.5567183718621302
11.9981360188251 5.22305954908508
11.9981360188251 5.22305954908508
9.004067021072487 9.499033220273683
9.004067021072487 9.499033220273683
11.997848942345243 7.973625141148782
11.997848942345243 7.973625141148782
8.501054317826192 11.9962272037359
8.501054317826192 11.9962272037359
11.996007733525762 9.456994913832277
9.002192164368484 9.984885373939777
11.088277585350369 11.999394648270782
11.088277585350369 11.999394648270782
11.088277585350369 11.999394648270782
11.088277585350369 11.999394648270782
11.088277585350369 11.999394648270782
8.850091214125793 11.002889872734908
8.428101595357365 11.997035114463461
8.428101595357365 11.997035114463461
8.638092403083295 11.009106037722253
8.638092403083295 11.009106037722253
8.59896649905394 11.000789570089543
9.10743585876224 11.998716877180462
11.999018619487732 11.592331422376907
11.567519935532438 11.994710454813786
11.567519935532438 11.994710454813786
11.567519935532438 11.994710454813786
11.567519935532438 11.994710454813786
11.567519935532438 11.994710454813786
11.99900049755171 11.2162989154597
11.99900049755171 11.2162989154597
11.99900049755171 11.2162989154597
9.004126850877727 8.519702571833454
9.004126850877727 8.519702571833454
11.995402207797852 3.123298978783256
5.28865132442963 7.996038720288059
5.28865132442963 7.996038720288059
5.218747256996807 7.999702237225068
5.218747256996807 7.999702237225068
5.218747256996807 7.999702237225068
5.218747256996807 7.999702237225068
9.938662832905624 1.503295772394042
9.938662832905624 1.503295772394042
10.305107548281882 11.9968994560947
10.305107548281882 11.9968994560947
11.993422112002207 11.575955357751367
11.787387673011306 11.998388559512001
0.0024043945860737805 10.96733612280708
0.7488916649975136 11.994787705663203
8.848068262390806 11.000333863477398
4.840746912871012 11.999471292303816
4.840746912871012 11.999471292303816
6.375514052211132 11.00278185822644
6.225536897937673 11.000163997260836
5.650536897937685 11.996093211612894
5.650536897937685 11.996093211612894
5.650536897937685 11.996093211612894
5.650536897937685 11.996093211612894
5.650536897937685 11.996093211612894
5.650536897937685 11.996093211612894
7.067669934557609 11.003805976725534
7.067669934557609 11.003805976725534
6.447664395404735 11.996022249228568
6.806785545896714 11.009344997403323
11.993623938125946 11.190473385289302
11.993623938125946 11.190473385289302
11.999905847532396 11.01058303642586
11.999905847532396 11.01058303642586
5.644905847531822 0.0034001543259542105
5.644905847531822 0.0034001543259542105
6.625954061943064 7.993396675038678
6.625954061943064 7.993396675038678
6.617382388936043 7.998547055787778
6.617382388936043 7.998547055787778
6.756827116369816 0.00976397148817244
11.117583943771608 11.990844886508823
11.992063554551354 11.619650314444002
11.99628973716876 11.628713392314369
11.99628973716876 11.628713392314369
5.553169884094455 0.005017484431585836
5.97185753403836 7.994053762468265
6.051662658059147 7.999634280367796
6.051662658059147 7.999634280367796
4.006891148024536 7.335247742461737
4.006891148024536 7.335247742461737
6.323531835235808 7.999533769980691
6.323531835235808 7.999533769980691
6.323531835235808 7.999533769980691
4.003859604535626 7.0148913261876915
8.996874169427066 0.6241241144371346
5.461414336113274 0.0007271566128569107
0.0022673905705564747 0.4783406268700212
0.0022673905705564747 0.4783406268700212
